3 50 2
14 0 18
5 39 5
4 24 23
12 96 23
6 0 12
3 36 42
5 0 36
10 37 17
4 41 28
x
3 67 8
12 90 20
3 53 3
0 41 14
0 43 15
10 96 40
10 18 13
x
x
x
x
8 99 12
6 6 13
x
x
x
3 95 15
x
1 49 7
x
x
x
x
x
x
3 65 7
x
x
x
14 99 27
x
4 43 29
x
x
x
12 92 21
x
x
x
12 93 22
x
x
x
x
0 48 16
x
x
x
x
1 53 8
1 55 9
x
1 60 10
13 49 41
13 50 42
13 53 43
13 54 44
3 58 4
3 60 5
x
3 63 6
8 92 9
8 95 10
x
x
x
8 97 11
5 93 10
x
x
x
x
x
x
5 98 11
8 84 6
x
8 88 7
x
8 89 8
8 0 41
8 2 42
8 6 43
10 40 18
10 43 19
10 44 20
x
x
x
x
x
x
x
x
10 47 21
9 66 34
9 69 35
x
x
x
x
x
x
9 73 36
5 84 6
5 88 7
x
5 89 8
5 91 9
15 0 28
15 4 29
15 5 30
x
x
x
x
15 7 31
1 40 2
1 41 3
1 45 4
x
x
1 46 5
x
1 47 6
11 18 6
11 22 7
11 25 8
0 0 0
0 4 1
x
0 8 2
11 68 9
11 70 10
11 74 11
9 90 44
9 92 0
9 97 1
x
x
x
x
9 99 2
1 28 43
1 31 44
1 33 0
x
x
x
x
x
1 38 1
4 29 24
4 34 25
4 35 26
x
x
4 38 27
3 38 43
3 41 44
3 44 0
x
x
x
x
3 47 1
8 72 3
8 73 4
8 78 5
2 62 16
2 66 17
2 70 18
10 83 35
10 85 36
10 86 37
10 91 38
x
x
x
x
x
10 94 39
10 24 14
10 29 15
10 34 16
2 49 11
2 54 12
2 55 13
2 58 14
x
x
x
x
2 60 15
8 58 44
8 62 0
x
8 67 1
x
x
x
x
x
x
x
8 70 2
9 75 37
9 77 38
9 79 39
9 80 40
9 81 41
9 85 42
9 86 43
3 19 35
3 22 36
3 25 37
3 27 38
3 32 39
x
x
x
x
x
x
3 33 40
x
x
x
3 34 41
15 84 12
15 87 13
15 88 14
15 90 15
15 95 16
11 0 41
11 2 42
11 3 43
11 4 44
11 7 0
11 8 1
11 9 2
11 11 3
x
x
x
x
x
11 15 4
x
x
11 16 5
10 0 3
10 1 4
10 3 5
10 7 6
10 8 7
10 9 8
10 10 9
10 11 10
10 14 11
x
x
x
10 16 12
3 0 29
3 5 30
3 8 31
3 11 32
x
x
x
x
3 16 33
x
x
x
x
x
x
x
x
x
x
x
x
x
x
x
x
x
x
x
x
x
3 17 34
4 45 30
4 49 31
4 54 32
4 59 33
4 61 34
x
x
x
x
x
x
x
x
x
x
x
x
x
x
4 62 35
9 24 20
9 29 21
9 34 22
9 37 23
9 40 24
13 28 33
13 29 34
13 32 35
13 35 36
13 37 37
13 40 38
13 44 39
x
13 46 40
13 79 9
13 81 10
13 82 11
13 86 12
13 87 13
13 91 14
13 94 15
x
13 98 16
x
x
x
x
x
x
x
x
x
x
x
x
13 99 17
3 73 9
3 75 10
3 80 11
3 84 12
3 85 13
3 90 14
0 52 17
0 55 18
0 60 19
0 64 20
0 66 21
x
x
x
x
x
x
0 71 22
x
x
x
x
x
x
x
x
x
x
x
x
x
0 72 23
11 79 12
11 80 13
11 83 14
11 87 15
11 90 16
11 93 17
11 97 18
x
x
x
x
x
x
x
x
x
x
11 99 19
15 9 32
15 14 33
15 16 34
15 18 35
15 22 36
15 25 37
x
x
x
x
x
x
15 30 38
13 56 0
13 58 1
13 59 2
13 61 3
13 66 4
13 69 5
13 73 6
13 74 7
13 76 8
9 43 25
9 46 26
9 47 27
9 50 28
9 55 29
9 56 30
9 59 31
9 60 32
x
x
x
x
x
x
x
x
x
9 64 33
4 0 16
4 2 17
4 6 18
4 8 19
4 12 20
4 16 21
x
x
4 21 22
9 0 13
9 4 14
9 7 15
9 9 16
9 12 17
9 15 18
9 18 19
14 3 19
14 7 20
14 12 21
14 16 22
14 17 23
14 18 24
14 23 25
14 26 26
6 76 23
6 81 24
6 86 25
6 88 26
6 92 27
6 97 28
x
x
6 99 29
15 32 39
15 37 40
15 41 41
15 43 42
15 45 43
15 49 44
15 51 0
x
x
15 55 1
6 8 14
6 10 15
6 12 16
6 16 17
6 17 18
6 20 19
6 22 20
6 26 21
6 29 22
0 74 24
0 75 25
0 78 26
0 81 27
0 82 28
0 87 29
0 90 30
0 91 31
0 95 32
0 96 33
2 74 19
2 75 20
2 78 21
2 81 22
2 82 23
2 86 24
2 89 25
2 91 26
2 94 27
x
x
x
2 99 28
15 57 2
15 62 3
15 67 4
15 71 5
15 72 6
15 77 7
x
x
15 79 8
15 80 9
x
x
15 81 10
x
x
x
15 82 11
13 0 24
13 5 25
13 7 26
13 12 27
13 13 28
13 18 29
x
13 23 30
13 24 31
x
13 25 32
1 0 34
1 5 35
1 10 36
1 14 37
1 18 38
1 23 39
1 24 40
x
x
x
1 25 41
x
1 26 42
0 11 3
0 14 4
0 19 5
0 23 6
0 24 7
0 25 8
0 26 9
0 28 10
0 31 11
x
x
0 36 12
x
x
0 37 13
10 49 22
10 51 23
10 54 24
10 59 25
10 62 26
10 64 27
10 66 28
10 69 29
10 71 30
10 74 31
10 77 32
x
10 79 33
x
x
x
10 80 34
5 5 37
5 9 38
5 12 39
5 15 40
5 16 41
5 17 42
5 21 43
5 22 44
5 25 0
5 27 1
5 32 2
x
5 35 3
5 37 4
7 0 30
7 2 31
7 7 32
7 10 33
7 11 34
7 15 35
7 18 36
7 20 37
7 23 38
7 26 39
7 31 40
